0:25,26,27,
1:25,26,27,
2:25,26,27,
3:25,26,27,
4:25,26,27,
5:25,26,27,
6:25,26,27,
7:25,26,27,
8:25,26,27,
9:25,26,27,
10:25,26,27,
11:25,26,27,
12:25,26,27,
13:25,26,27,
14:25,26,27,
15:25,26,27,
16:25,26,27,
17:25,26,27,
18:25,26,27,
19:25,26,27,
20:25,26,27,
21:25,26,27,
22:25,26,27,
23:25,26,27,
24:25,26,27,
25:25,26,27,
26:25,26,27,
27:25,26,27,
28:25,26,27,
29:25,26,27,
30:25,26,27,
31:25,26,27,
32:17,18,25,26,27,
33:17,18,25,26,27,
34:25,26,27,
35:25,26,27,
36:25,26,27,
37:25,26,27,
38:25,26,27,
39:25,26,27,
40:17,18,25,26,27,
41:17,18,25,26,27,
42:17,18,25,26,27,
43:17,18,25,26,27,
44:9,10,17,18,25,26,27,
45:9,10,17,18,25,26,27,
46:17,18,25,26,27,
47:17,18,25,26,27,
48:17,18,25,26,27,
49:17,18,25,26,27,
50:25,26,27,
51:25,26,27,
52:25,26,27,
53:25,26,27,
54:25,26,27,
55:25,26,27,
56:21,22,23,24,25,26,27,
57:21,22,23,24,25,26,27,
58:21,22,23,24,25,26,27,
59:21,22,23,24,25,26,27,
60:25,26,27,
61:25,26,27,
62:25,26,27,
63:25,26,27,
64:25,26,27,
65:25,26,27,
66:25,26,27,
67:25,26,27,
68:25,26,27,
69:25,26,27,
70:25,26,27,
71:25,26,27,
72:25,26,27,
73:25,26,27,
74:25,26,27,
75:25,26,27,
76:19,20,21,22,23,24,25,26,27,
77:19,20,21,22,23,24,25,26,27,
78:19,20,21,22,23,24,25,26,27,
79:19,20,21,22,23,24,25,26,27,
80:25,26,27,
81:25,26,27,
82:25,26,27,
83:25,26,27,
84:25,26,27,
85:25,26,27,
86:25,26,27,
87:25,26,27,
88:25,26,27,
89:25,26,27,
90:25,26,27,
91:25,26,27,
92:17,18,19,20,21,22,23,24,25,26,27,
93:17,18,19,20,21,22,23,24,25,26,27,
94:17,18,19,20,21,22,23,24,25,26,27,
95:17,18,19,20,21,22,23,24,25,26,27,
96:25,26,27,
97:25,26,27,
98:25,26,27,
99:25,26,27,
100:25,26,27,
101:25,26,27,
102:25,26,27,
103:25,26,27,
104:25,26,27,
105:25,26,27,
106:25,26,27,
107:25,26,27,
108:25,26,27,
109:25,26,27,
110:25,26,27,
111:25,26,27,
112:25,26,27,
113:25,26,27,
114:17,18,19,20,21,22,23,24,25,26,27,
115:17,18,19,20,21,22,23,24,25,26,27,
116:17,18,19,20,21,22,23,24,25,26,27,
117:17,18,19,20,21,22,23,24,25,26,27,
118:25,26,27,
119:25,26,27,
120:25,26,27,
121:25,26,27,
122:25,26,27,
123:25,26,27,
124:25,26,27,
125:25,26,27,
126:25,26,27,
127:25,26,27,
128:15,16,25,26,27,
129:15,16,25,26,27,
130:25,26,27,
131:25,26,27,
132:25,26,27,
133:25,26,27,
134:25,26,27,
135:25,26,27,
136:25,26,27,
137:25,26,27,
142:25,26,27,
143:25,26,27,
144:25,26,27,
145:25,26,27,
146:25,26,27,
147:25,26,27,
148:25,26,27,
149:25,26,27,
150:25,26,27,
151:25,26,27,
152:25,26,27,
153:25,26,27,
154:17,18,25,26,27,
155:17,18,25,26,27,
156:17,18,25,26,27,
157:17,18,25,26,27,
158:17,18,25,26,27,
159:17,18,25,26,27,
160:9,10,25,26,27,
161:9,10,25,26,27,
162:9,10,25,26,27,
163:9,10,25,26,27,
164:9,10,25,26,27,
165:9,10,25,26,27,
166:9,10,25,26,27,
167:9,10,25,26,27,
168:9,10,25,26,27,
169:9,10,25,26,27,
170:9,10,25,26,27,
171:9,10,25,26,27,
172:9,10,
173:9,10,
174:9,10,
175:9,10,
178:25,26,27,
179:25,26,27,
180:25,26,27,
181:25,26,27,
182:9,10,25,26,27,
183:9,10,25,26,27,
184:9,10,25,26,27,
185:9,10,25,26,27,
186:9,10,25,26,27,
187:9,10,25,26,27,
188:9,10,17,18,25,26,27,
189:9,10,17,18,25,26,27,
190:25,26,27,
191:25,26,27,
192:25,26,27,
193:25,26,27,
194:25,26,27,
195:25,26,27,
196:25,26,27,
197:25,26,27,
198:25,26,27,
199:25,26,27,
200:17,18,25,26,27,
201:17,18,25,26,27,
202:17,18,25,26,27,
203:17,18,25,26,27,
204:25,26,27,
205:25,26,27,
206:25,26,27,
207:25,26,27,
208:25,26,27,
209:25,26,27,
210:25,26,27,
211:25,26,27,
212:17,18,25,26,27,
213:17,18,25,26,27,
214:25,26,27,
215:25,26,27,
216:25,26,27,
217:25,26,27,
218:9,10,17,18,25,26,27,
219:9,10,17,18,25,26,27,
220:25,26,27,
221:25,26,27,
222:25,26,27,
223:25,26,27,
224:17,18,25,26,27,
225:17,18,25,26,27,
226:25,26,27,
227:25,26,27,
228:25,26,27,
229:25,26,27,
230:25,26,27,
231:25,26,27,
232:25,26,27,
233:25,26,27,
234:25,26,27,
235:25,26,27,
236:17,18,25,26,27,
237:17,18,25,26,27,
238:25,26,27,
239:25,26,27,
240:25,26,27,
241:25,26,27,
242:9,10,25,26,27,
243:9,10,25,26,27,
244:9,10,25,26,27,
245:9,10,25,26,27,
246:9,10,25,26,27,
247:9,10,25,26,27,
248:25,26,27,
249:25,26,27,
250:25,26,27,
251:25,26,27,
252:25,26,27,
253:25,26,27,
254:25,26,27,
255:25,26,27,
256:9,10,25,26,27,
257:9,10,25,26,27,
258:9,10,17,18,25,26,27,
259:9,10,17,18,25,26,27,
260:9,10,17,18,25,26,27,
261:9,10,17,18,25,26,27,
262:9,10,25,26,27,
263:9,10,25,26,27,
264:25,26,27,
265:25,26,27,
266:25,26,27,
267:25,26,27,
268:23,24,25,26,27,
269:23,24,25,26,27,
270:21,22,23,24,25,26,27,
271:21,22,23,24,25,26,27,
272:19,20,21,22,23,24,25,26,27,
273:19,20,21,22,23,24,25,26,27,
274:17,18,19,20,21,22,23,24,25,26,27,
275:17,18,19,20,21,22,23,24,25,26,27,
276:25,26,27,
277:25,26,27,
278:25,26,27,
279:25,26,27,
280:17,18,19,20,21,22,23,24,25,26,27,
281:17,18,19,20,21,22,23,24,25,26,27,
282:19,20,21,22,23,24,25,26,27,
283:19,20,21,22,23,24,25,26,27,
284:21,22,23,24,25,26,27,
285:21,22,23,24,25,26,27,
286:23,24,25,26,27,
287:23,24,25,26,27,
288:25,26,27,
289:25,26,27,
290:25,26,27,
291:25,26,27,
292:25,26,27,
293:25,26,27,
294:25,26,27,
295:25,26,27,
296:23,24,25,26,27,
297:23,24,25,26,27,
298:21,22,23,24,25,26,27,
299:21,22,23,24,25,26,27,
300:19,20,21,22,23,24,25,26,27,
301:19,20,21,22,23,24,25,26,27,
302:17,18,19,20,21,22,23,24,25,26,27,
303:17,18,19,20,21,22,23,24,25,26,27,
304:17,18,19,20,21,22,23,24,25,26,27,
305:17,18,19,20,21,22,23,24,25,26,27,
310:17,18,19,20,21,22,23,24,25,26,27,
311:17,18,19,20,21,22,23,24,25,26,27,
312:19,20,21,22,23,24,25,26,27,
313:19,20,21,22,23,24,25,26,27,
314:21,22,23,24,25,26,27,
315:21,22,23,24,25,26,27,
316:23,24,25,26,27,
317:23,24,25,26,27,
318:25,26,27,
319:25,26,27,
320:25,26,27,
321:25,26,27,
322:25,26,27,
323:25,26,27,
324:25,26,27,
325:25,26,27,
326:21,22,23,24,25,26,27,
327:21,22,23,24,25,26,27,
328:21,22,23,24,25,26,27,
329:21,22,23,24,25,26,27,
330:25,26,27,
331:25,26,27,
332:25,26,27,
333:25,26,27,
334:25,26,27,
335:25,26,27,
336:17,18,25,26,27,
337:17,18,25,26,27,
338:17,18,25,26,27,
339:17,18,25,26,27,
340:17,18,25,26,27,
341:17,18,25,26,27,
342:17,18,25,26,27,
343:17,18,25,26,27,
344:25,26,27,
345:25,26,27,
346:25,26,27,
347:25,26,27,
348:25,26,27,
349:25,26,27,
350:25,26,27,
351:25,26,27,
352:25,26,27,
353:25,26,27,
354:25,26,27,
355:25,26,27,
356:25,26,27,
357:25,26,27,
358:21,22,23,24,25,26,27,
359:21,22,23,24,25,26,27,
360:21,22,23,24,25,26,27,
361:21,22,23,24,25,26,27,
362:23,24,25,26,27,
363:23,24,25,26,27,
364:21,22,23,24,25,26,27,
365:21,22,23,24,25,26,27,
366:19,20,21,22,23,24,25,26,27,
367:19,20,21,22,23,24,25,26,27,
368:17,18,19,20,21,22,23,24,25,26,27,
369:17,18,19,20,21,22,23,24,25,26,27,
370:15,16,17,18,19,20,21,22,23,24,25,26,27,
371:15,16,17,18,19,20,21,22,23,24,25,26,27,
372:13,14,15,16,17,18,19,20,21,22,23,24,25,26,27,
373:13,14,15,16,17,18,19,20,21,22,23,24,25,26,27,
374:11,12,13,14,15,16,17,18,19,20,21,22,23,24,25,26,27,
375:11,12,13,14,15,16,17,18,19,20,21,22,23,24,25,26,27,
376:9,10,11,12,13,14,15,16,17,18,19,20,21,22,23,24,25,26,27,
377:9,10,11,12,13,14,15,16,17,18,19,20,21,22,23,24,25,26,27,
378:9,10,11,12,13,14,15,16,17,18,19,20,21,22,23,24,25,26,27,
379:9,10,11,12,13,14,15,16,17,18,19,20,21,22,23,24,25,26,27,
380:25,26,27,
381:25,26,27,
382:25,26,27,
383:25,26,27,
384:25,26,27,
385:25,26,27,
386:25,26,27,
387:25,26,27,
388:25,26,27,
389:25,26,27,
390:25,26,27,
391:25,26,27,
392:25,26,27,
393:25,26,27,
394:25,26,27,
395:25,26,27,
396:23,24,25,26,27,
397:23,24,25,26,27,
398:25,26,27,
399:25,26,27,
400:25,26,27,
401:25,26,27,
402:25,26,27,
403:25,26,27,
404:25,26,27,
405:25,26,27,
406:25,26,27,
407:25,26,27,
408:25,26,27,
409:25,26,27,
410:25,26,27,
411:25,26,27,
412:25,26,27,
413:25,26,27,
414:25,26,27,
415:25,26,27,
416:25,26,27,
417:25,26,27,
418:25,26,27,
419:25,26,27,
420:25,26,27,
421:25,26,27,
422:25,26,27,